-21.523403435198258
-2.956454102345975
20.380200541565173
118.283258187864917
172.866563200565906
-68.380208288353629
-21.717620413868122
-3.274144265761418
20.133719068499762
117.379547107926243
165.566225705778407
-67.546195014841331
-21.854397479747774
-3.731816637424442
19.942160676895544
118.204548077562222
169.417733624157790
-66.728860926247734
-22.107296985351823
-3.685112474589887
19.910401586907668
119.331021742258315
167.209634260081941
-68.060699985096065
-22.216657932332311
-3.242601587397828
19.955014800780337
119.561363826094905
168.506928831491194
-63.971017613761738
-22.172951325970278
-2.938963726613696
19.584451557554395
119.313619948000849
165.186074342442822
-64.896951358694281
-22.071255376917502
-3.210454111317395
19.717147512762132
121.797738703114220
164.800093897056257
-66.012180987635404
-22.177564746458533
-3.166743028402343
19.983410064428302
118.428682724680783
168.592476469827687
-64.889615637711699
-22.144447361284339
-3.460538719190835
20.036434902571077
116.346219309244120
171.320248260266794
-70.754962495139395
-22.453448734214550
-3.117448095658067
20.488328631234680
119.525475258901693
170.761483613247663
-67.606766603948159
-22.055154138413801
-3.209897510513541
20.026006334553106
117.205817783772133
167.197348895450375
-71.946954570213677
-22.038635181730445
-3.205181182860688
20.118859615541581
117.536081008813341
169.477134172981835
-65.315838024951873
-22.070409439556705
-3.478213442239506
19.971428099152348
116.774809838782829
166.832460519223503
-73.190168061430114
-21.749567976669915
-3.646740968117797
19.373570588141696
120.487748216072177
168.770208253858897
-67.262132758538741
-21.818120084874025
-3.876256418165998
19.502237864791876
119.540940417263542
171.864400038352017
-66.214257092238952
-21.910304048423349
-3.149515887873604
20.122589556572375
114.892401064842844
168.894814368811495
-65.200025596297138
-21.925237643698395
-3.587401673014500
20.024903633632846
115.921217099344588
168.238086167148879
-69.704346125515670
-22.117033702012584
-3.540252992841152
19.914289298965212
120.755602616083365
170.636181132216052
-65.721362459072679
-22.004193275921569
-3.181066286340219
19.956132924476918
117.996477045276791
167.866649867624147
-64.844256506774173
-21.819648405062338
-3.709997665081098
20.648916575831120
118.044475897441387
167.344142320077765
-67.868681145996803
-21.976052263850146
-3.279901735627939
19.965326056212312
115.507978531251283
169.325633490967732
-66.814022510587151
-21.950790831628549
-2.896178958679436
19.786403341944400
119.016589624992434
165.868493761058090
-69.109641396104124
-21.787853264298473
-3.289026338902546
20.066214086923512
121.356846919717455
170.363508236874708
-67.533411895912451
-22.049756214371076
-3.475355865501073
19.923205043381873
115.647348001354771
169.533769530936866
-66.106272950114317
-21.432017780249726
-3.329054828475409
19.817495441243409
120.282213671724321
169.345651648409643
-65.528815781472346
-22.143815132500826
-3.213076064637597
19.775017786167421
118.145685747575456
168.339761648402771
-69.808122725335110
-22.252009607640584
-3.510103741114075
20.404174249922288
119.478300440055477
165.642976715476379
-69.938567788044523
-20.194516537831078
-3.671250388651834
18.007787389275457
117.912990820194040
169.487588267913907
-68.696346697327897
-21.826751865710790
-3.181108959366906
20.053977099538908
121.212638196729543
167.155784448007637
-69.713125291337704
-21.854758194132181
-4.036900758350997
19.872884636609360
122.291300411434705
167.265490462118379
-68.085686609496960
-17.669120349008239
-0.649310660934325
20.208520887312996
117.669092109583602
167.366980892548128
-67.869048985249165
-21.807466685472594
-3.423901744911262
19.867551101106429
117.800801425086163
170.963887160166337
-67.992776176606924
-22.164002691045116
-3.407355728773386
19.923418858380110
116.155167299525772
175.051173763409423
-67.679051450525407
-21.856844014644022
-3.324096113180504
19.905045540128999
112.837075842779896
164.997774958304632
-71.980235281191867
-22.060460202048795
-3.201800183997090
19.707505781654891
120.423451946547885
166.790579718744965
-66.065868691811986
-21.790840728052014
-3.445599653932290
19.668281267990352
116.322915693339198
169.367098946975347
-65.644794312622906
-22.023202064224961
-3.701153259602961
19.761214675087729
117.920511447148385
172.204310571508813
-69.699200486355437
-22.099728937355916
-3.249268640317275
19.997507132315295
115.693763264847036
175.258342245691892
-68.205949696845394
-21.953274346508746
-3.265586189826329
19.992566062611406
123.955377919566345
171.557280305866357
-70.595996100868859
-21.949481785854758
-3.364229056377487
19.941295537949479
122.699268642354198
170.756564254198224
-60.821858434296431
-21.851850782158493
-3.681264904626467
19.831683137202923
122.654802446364926
171.137711952700556
-66.577324137858895
-22.249082267305553
-3.948860132994867
19.484920759143478
118.094005487837862
168.850979320796085
-65.428379162318862
-22.023056976025632
-3.254574660553656
19.837961908056581
113.095451649947094
169.908646112892370
-66.860939437502509
-22.149293903434955
-3.283349593190330
19.945205906361938
118.739460933091550
168.774070691725854
-61.025964535423732
-22.214949076459746
-3.197453043950400
19.867960839826658
117.788045777351101
171.476939355951203
-66.381878621833607
-22.387232277831906
-2.958674187403568
19.552644600292606
117.699658556614068
170.329723356351735
-68.167191394022197
-21.994816330060562
-3.320952467425244
19.980590149592516
115.646528536519000
169.559038454642405
-69.255820101168396
-22.399303898406355
-3.184497644040777
19.670454412798655
118.705946842412743
169.844042649987642
-67.707247668192025
-22.133914695050791
-3.420972114117168
19.931386385192781
122.583516019641280
164.674580615664553
-70.774587866862589
-20.971725304297788
-3.015248212773454
20.938133198933929
118.310553524641804
169.893774843982555
-69.104206672080423
-21.832805303482150
-3.240246767501670
20.057550541679689
121.560770706109153
170.718671237312748
-71.564382638617175
-22.637352663636115
-3.365044589560381
19.749798962522494
119.067190202019916
166.016650769983301
-67.469459086947694
-22.018166647679745
-3.097684356866282
19.975636764784102
117.144746987084062
168.453736816632954
-61.360971709249370
-21.944742418407380
-3.286018855602677
19.806141071427355
118.784525779307458
164.557670303729509
-67.836004625380568
-21.650143459188868
-3.253316101217288
20.028125117666217
118.080456357779056
167.258625306266623
-69.402452427734957
-21.878527802779697
-3.297218537380612
19.932764605269284
119.920066869461976
170.221465390767065
-67.868304112390007
-22.033881854110028
-3.363722875132638
20.111114029065675
114.476747015179228
168.510021367719531
-67.687026829561376
-22.178196566222827
-3.302549092259925
19.740441052161938
116.377283294323888
169.855788356072964
-65.412393037424877
-21.950500684236161
-3.463067664982876
19.930624207550022
116.804864755125024
166.704156763783402
-66.314756883096166
-22.032411961202094
-3.531014900956668
20.154942325054492
114.825009383792150
169.989756304365358
-72.285671732598246
-22.109843696056188
-3.209478698055417
19.990508677419264
119.287753293946892
168.492614788858702
-65.190568500344455
-22.992020424531034
-3.233292850889690
20.274113194684126
120.174352308290423
167.271328446457517
-65.809965357314439
-22.046910942098297
-3.618417291151917
20.148365972761358
115.441379709477104
169.934036925585332
-69.055074171889444
-22.764313810973338
-3.195366431587765
19.820863333893566
119.149757527464004
169.794214550098872
-69.358773502425251
